1	496	1
2	496	1
3	496	1
4	497	1
5	497	1
6	497	1
7	498	1
8	498	1
9	498	1
10	498	1
11	498	1
12	498	1
13	498	1
14	498	1
15	499	1
16	499	1
17	499	1
18	499	1
19	499	1
20	499	1
13	500	1
7	501	1
21	501	1
22	501	1
23	501	1
24	501	1
16	501	1
25	501	1
9	501	1
10	501	1
26	501	1
27	501	1
19	501	1
13	501	1
28	501	1
29	501	1
30	501	1
31	501	1
32	501	1
33	501	1
34	501	1
35	501	1
36	501	1
2	501	1
37	501	1
38	501	1
39	501	1
40	501	1
41	501	1
42	501	1
43	501	1
14	501	1
44	501	1
45	501	1
46	501	1
47	501	1
48	501	1
49	501	1
50	501	1
51	501	1
52	501	1
53	501	1
54	501	1
55	501	1
56	501	1
57	501	1
58	501	1
14	502	1
59	503	1
60	503	1
61	503	1
62	503	1
63	503	1
64	503	1
65	503	1
66	503	1
67	503	1
68	503	1
69	503	1
70	503	1
11	503	1
28	503	1
29	503	1
71	503	1
72	503	1
32	503	1
73	503	1
74	503	1
75	503	1
44	503	1
76	503	1
48	503	1
49	503	1
77	503	1
78	503	1
79	503	1
80	503	1
81	503	1
82	503	1
83	503	1
84	503	1
85	503	1
86	503	1
87	503	1
88	503	1
89	503	1
90	503	1
91	503	1
92	503	1
93	503	1
94	503	1
95	503	1
96	503	1
97	503	1
98	503	1
99	503	1
100	503	1
101	503	1
102	503	1
103	503	1
104	503	1
105	503	1
106	503	1
107	503	1
55	503	1
108	503	1
109	504	1
38	504	1
40	504	1
44	504	1
110	504	1
111	504	1
112	504	1
113	504	1
114	505	1
36	505	1
38	505	1
40	505	1
44	505	1
115	505	1
116	505	1
111	505	1
7	506	1
117	506	1
118	506	1
119	506	1
109	506	1
120	506	1
15	506	1
65	506	1
24	506	1
114	506	1
121	506	1
16	506	1
25	506	1
122	506	1
123	506	1
9	506	1
10	506	1
18	506	1
69	506	1
19	506	1
124	506	1
13	506	1
28	506	1
33	506	1
35	506	1
36	506	1
2	506	1
38	506	1
39	506	1
40	506	1
44	506	1
125	506	1
126	506	1
127	506	1
128	506	1
129	506	1
79	506	1
130	506	1
131	506	1
132	506	1
133	506	1
134	506	1
135	506	1
53	506	1
54	506	1
116	506	1
111	506	1
136	506	1
137	506	1
106	506	1
34	507	1
138	507	1
14	507	1
82	507	1
14	508	1
88	508	1
14	509	1
120	510	1
65	510	1
46	510	1
139	510	1
60	511	1
21	511	1
120	511	1
140	511	1
141	511	1
65	511	1
142	511	1
122	511	1
143	511	1
18	511	1
144	511	1
28	511	1
145	511	1
36	511	1
43	511	1
14	511	1
5	511	1
6	511	1
146	511	1
147	511	1
148	511	1
69	512	1
13	512	1
149	512	1
150	513	1
26	514	1
49	514	1
43	515	1
138	516	1
75	517	1
43	517	1
124	518	1
142	519	1
69	519	1
70	519	1
27	519	1
151	519	1
152	519	1
153	519	1
14	520	1
15	521	1
16	521	1
14	521	1
5	521	1
6	521	1
154	521	1
79	521	1
80	521	1
81	521	1
155	521	1
156	521	1
36	522	1
149	522	1
80	522	1
8	523	1
36	523	1
14	523	1
149	523	1
80	523	1
15	524	1
16	524	1
157	525	1
12	525	1
18	526	1
12	526	1
141	527	1
121	527	1
18	527	1
19	527	1
12	527	1
13	527	1
71	527	1
158	527	1
75	527	1
40	527	1
47	527	1
159	527	1
88	527	1
160	527	1
161	527	1
3	527	1
7	528	1
117	528	1
118	528	1
119	528	1
59	528	1
162	528	1
163	528	1
164	528	1
24	528	1
18	528	1
68	528	1
69	528	1
70	528	1
27	528	1
19	528	1
46	528	1
127	528	1
151	528	1
22	529	1
140	529	1
141	529	1
16	529	1
122	529	1
165	529	1
166	529	1
11	529	1
124	529	1
29	529	1
167	529	1
14	529	1
46	529	1
168	529	1
130	529	1
169	529	1
170	529	1
109	530	1
171	530	1
24	530	1
172	530	1
16	530	1
17	530	1
9	530	1
10	530	1
18	530	1
68	530	1
27	530	1
19	530	1
28	530	1
14	530	1
44	530	1
46	530	1
125	530	1
173	530	1
6	530	1
86	530	1
88	530	1
174	530	1
58	530	1
16	531	1
17	531	1
175	531	1
68	531	1
19	531	1
176	531	1
34	531	1
158	531	1
75	531	1
47	531	1
79	531	1
80	531	1
81	531	1
155	531	1
177	531	1
178	531	1
179	531	1
1	532	1
20	532	1
168	532	1
22	533	1
120	533	1
180	533	1
121	533	1
157	533	1
18	533	1
68	533	1
70	533	1
12	533	1
124	533	1
29	533	1
181	533	1
34	533	1
14	533	1
182	533	1
168	533	1
126	533	1
77	533	1
160	533	1
183	533	1
184	533	1
185	533	1
111	533	1
178	533	1
186	533	1
187	533	1
188	533	1
189	533	1
190	533	1
106	533	1
55	533	1
56	533	1
57	533	1
13	534	1
8	535	1
28	535	1
71	535	1
158	535	1
75	535	1
43	535	1
191	535	1
192	535	1
193	535	1
194	535	1
195	535	1
52	535	1
136	535	1
196	535	1
106	535	1
55	535	1
7	536	1
8	536	1
9	536	1
10	536	1
124	536	1
33	536	1
2	536	1
37	536	1
38	536	1
39	536	1
40	536	1
14	536	1
47	536	1
50	536	1
131	536	1
52	536	1
178	536	1
18	537	1
19	537	1
5	538	1
6	538	1
162	539	1
164	539	1
197	539	1
10	539	1
198	539	1
138	539	1
125	539	1
199	539	1
92	539	1
148	539	1
108	539	1
200	540	1
164	541	1
14	541	1
154	542	1
44	543	1
180	544	1
14	544	1
125	544	1
201	544	1
88	544	1
148	544	1
202	544	1
7	545	1
117	545	1
118	545	1
119	545	1
59	545	1
162	545	1
163	545	1
164	545	1
109	545	1
60	545	1
21	545	1
203	545	1
120	545	1
140	545	1
171	545	1
23	545	1
15	545	1
204	545	1
141	545	1
205	545	1
206	545	1
207	545	1
1	545	1
65	545	1
24	545	1
172	545	1
142	545	1
208	545	1
180	545	1
121	545	1
209	545	1
16	545	1
17	545	1
25	545	1
210	545	1
122	545	1
123	545	1
157	545	1
8	545	1
9	545	1
10	545	1
211	545	1
18	545	1
68	545	1
212	545	1
213	545	1
69	545	1
70	545	1
166	545	1
26	545	1
214	545	1
27	545	1
144	545	1
19	545	1
12	545	1
13	545	1
28	545	1
215	545	1
216	545	1
29	545	1
30	545	1
31	545	1
217	545	1
71	545	1
72	545	1
32	545	1
218	545	1
176	545	1
34	545	1
35	545	1
36	545	1
2	545	1
167	545	1
138	545	1
219	545	1
158	545	1
75	545	1
220	545	1
37	545	1
38	545	1
39	545	1
221	545	1
40	545	1
41	545	1
42	545	1
150	545	1
43	545	1
222	545	1
14	545	1
44	545	1
110	545	1
45	545	1
223	545	1
76	545	1
224	545	1
46	545	1
125	545	1
47	545	1
225	545	1
226	545	1
168	545	1
126	545	1
227	545	1
48	545	1
149	545	1
49	545	1
77	545	1
78	545	1
173	545	1
228	545	1
229	545	1
5	545	1
6	545	1
154	545	1
128	545	1
129	545	1
191	545	1
230	545	1
199	545	1
231	545	1
79	545	1
80	545	1
81	545	1
155	545	1
50	545	1
232	545	1
233	545	1
234	545	1
235	545	1
82	545	1
236	545	1
237	545	1
83	545	1
201	545	1
177	545	1
130	545	1
84	545	1
238	545	1
239	545	1
86	545	1
87	545	1
88	545	1
51	545	1
146	545	1
240	545	1
241	545	1
242	545	1
194	545	1
243	545	1
131	545	1
134	545	1
195	545	1
244	545	1
245	545	1
246	545	1
247	545	1
248	545	1
52	545	1
249	545	1
250	545	1
251	545	1
252	545	1
94	545	1
178	545	1
253	545	1
254	545	1
255	545	1
169	545	1
3	545	1
96	545	1
256	545	1
257	545	1
258	545	1
259	545	1
260	545	1
261	545	1
262	545	1
263	545	1
264	545	1
265	545	1
266	545	1
267	545	1
196	545	1
268	545	1
269	545	1
270	545	1
271	545	1
272	545	1
273	545	1
274	545	1
275	545	1
276	545	1
190	545	1
200	545	1
106	545	1
277	545	1
278	545	1
148	545	1
279	545	1
55	545	1
56	545	1
280	545	1
172	546	1
18	546	1
19	546	1
28	546	1
71	546	1
158	546	1
75	546	1
43	546	1
55	546	1
56	546	1
40	547	1
190	547	1
7	548	1
164	548	1
120	548	1
171	548	1
23	548	1
65	548	1
165	548	1
175	548	1
10	548	1
68	548	1
166	548	1
19	548	1
13	548	1
30	548	1
31	548	1
281	548	1
33	548	1
37	548	1
38	548	1
39	548	1
42	548	1
43	548	1
14	548	1
110	548	1
46	548	1
125	548	1
168	548	1
191	548	1
230	548	1
199	548	1
231	548	1
282	548	1
283	548	1
79	548	1
50	548	1
88	548	1
192	548	1
193	548	1
194	548	1
131	548	1
246	548	1
280	548	1
120	549	1
1	549	1
123	549	1
157	549	1
10	549	1
28	549	1
145	549	1
181	549	1
30	549	1
31	549	1
71	549	1
72	549	1
75	549	1
284	549	1
154	549	1
285	549	1
91	549	1
286	549	1
287	549	1
288	549	1
289	549	1
290	549	1
291	549	1
292	549	1
293	549	1
294	549	1
295	549	1
296	549	1
275	549	1
56	549	1
14	550	1
8	551	1
30	551	1
31	551	1
37	551	1
38	551	1
52	551	1
280	551	1
230	552	1
150	553	1
14	553	1
112	553	1
7	554	1
117	554	1
118	554	1
119	554	1
59	554	1
162	554	1
163	554	1
164	554	1
109	554	1
60	554	1
21	554	1
197	554	1
22	554	1
120	554	1
140	554	1
171	554	1
23	554	1
15	554	1
297	554	1
204	554	1
298	554	1
299	554	1
300	554	1
141	554	1
301	554	1
1	554	1
65	554	1
24	554	1
172	554	1
302	554	1
208	554	1
180	554	1
303	554	1
304	554	1
114	554	1
305	554	1
17	554	1
306	554	1
25	554	1
165	554	1
123	554	1
157	554	1
8	554	1
175	554	1
143	554	1
10	554	1
18	554	1
68	554	1
213	554	1
69	554	1
70	554	1
11	554	1
26	554	1
27	554	1
19	554	1
12	554	1
124	554	1
13	554	1
28	554	1
216	554	1
29	554	1
145	554	1
181	554	1
30	554	1
31	554	1
217	554	1
71	554	1
72	554	1
307	554	1
32	554	1
33	554	1
176	554	1
36	554	1
2	554	1
167	554	1
4	554	1
138	554	1
219	554	1
158	554	1
75	554	1
37	554	1
38	554	1
39	554	1
221	554	1
40	554	1
42	554	1
308	554	1
20	554	1
43	554	1
222	554	1
14	554	1
44	554	1
309	554	1
182	554	1
110	554	1
310	554	1
311	554	1
223	554	1
76	554	1
224	554	1
46	554	1
125	554	1
47	554	1
225	554	1
168	554	1
227	554	1
48	554	1
312	554	1
149	554	1
77	554	1
173	554	1
5	554	1
6	554	1
154	554	1
128	554	1
230	554	1
199	554	1
79	554	1
80	554	1
81	554	1
155	554	1
50	554	1
234	554	1
235	554	1
82	554	1
236	554	1
237	554	1
313	554	1
83	554	1
201	554	1
314	554	1
130	554	1
84	554	1
87	554	1
159	554	1
88	554	1
146	554	1
315	554	1
89	554	1
240	554	1
241	554	1
316	554	1
317	554	1
193	554	1
194	554	1
131	554	1
132	554	1
91	554	1
318	554	1
183	554	1
244	554	1
92	554	1
246	554	1
247	554	1
185	554	1
54	554	1
250	554	1
251	554	1
252	554	1
116	554	1
111	554	1
151	554	1
178	554	1
319	554	1
320	554	1
136	554	1
321	554	1
254	554	1
169	554	1
161	554	1
3	554	1
322	554	1
323	554	1
324	554	1
325	554	1
112	554	1
326	554	1
327	554	1
328	554	1
329	554	1
330	554	1
263	554	1
264	554	1
266	554	1
196	554	1
331	554	1
332	554	1
269	554	1
333	554	1
334	554	1
335	554	1
295	554	1
187	554	1
147	554	1
336	554	1
271	554	1
337	554	1
338	554	1
273	554	1
339	554	1
340	554	1
104	554	1
341	554	1
106	554	1
107	554	1
153	554	1
342	554	1
55	554	1
202	554	1
56	554	1
280	554	1
343	554	1
113	554	1
58	554	1
19	555	1
14	555	1
7	556	1
117	556	1
119	556	1
163	556	1
109	556	1
60	556	1
22	556	1
171	556	1
15	556	1
141	556	1
344	556	1
207	556	1
1	556	1
65	556	1
24	556	1
114	556	1
17	556	1
306	556	1
25	556	1
210	556	1
165	556	1
9	556	1
10	556	1
18	556	1
68	556	1
69	556	1
166	556	1
11	556	1
26	556	1
214	556	1
19	556	1
12	556	1
124	556	1
13	556	1
28	556	1
216	556	1
30	556	1
31	556	1
345	556	1
176	556	1
34	556	1
2	556	1
138	556	1
219	556	1
38	556	1
39	556	1
42	556	1
14	556	1
44	556	1
182	556	1
110	556	1
223	556	1
46	556	1
125	556	1
47	556	1
77	556	1
78	556	1
6	556	1
154	556	1
79	556	1
155	556	1
156	556	1
177	556	1
346	556	1
87	556	1
88	556	1
51	556	1
146	556	1
315	556	1
243	556	1
91	556	1
347	556	1
135	556	1
52	556	1
53	556	1
54	556	1
252	556	1
348	556	1
151	556	1
178	556	1
169	556	1
3	556	1
265	556	1
266	556	1
267	556	1
196	556	1
331	556	1
349	556	1
272	556	1
200	556	1
106	556	1
56	556	1
148	556	1
280	556	1
343	556	1
77	557	1
7	558	1
117	558	1
118	558	1
119	558	1
59	558	1
162	558	1
163	558	1
164	558	1
109	558	1
60	558	1
120	558	1
23	558	1
204	558	1
350	558	1
141	558	1
351	558	1
24	558	1
172	558	1
352	558	1
208	558	1
180	558	1
305	558	1
306	558	1
25	558	1
165	558	1
123	558	1
8	558	1
175	558	1
9	558	1
143	558	1
10	558	1
18	558	1
68	558	1
11	558	1
26	558	1
214	558	1
19	558	1
13	558	1
281	558	1
36	558	1
2	558	1
138	558	1
219	558	1
158	558	1
37	558	1
38	558	1
39	558	1
40	558	1
41	558	1
42	558	1
150	558	1
14	558	1
44	558	1
45	558	1
223	558	1
76	558	1
225	558	1
126	558	1
149	558	1
49	558	1
77	558	1
154	558	1
230	558	1
199	558	1
81	558	1
155	558	1
234	558	1
235	558	1
130	558	1
238	558	1
88	558	1
51	558	1
146	558	1
160	558	1
240	558	1
241	558	1
242	558	1
91	558	1
286	558	1
287	558	1
288	558	1
289	558	1
290	558	1
291	558	1
292	558	1
293	558	1
183	558	1
247	558	1
52	558	1
252	558	1
94	558	1
95	558	1
326	558	1
152	558	1
353	558	1
354	558	1
272	558	1
273	558	1
105	558	1
200	558	1
106	558	1
355	558	1
148	558	1
55	558	1
56	558	1
113	558	1
58	558	1
118	559	1
109	559	1
65	559	1
9	559	1
10	559	1
356	559	1
138	559	1
14	559	1
6	559	1
88	559	1
119	560	1
164	560	1
109	560	1
60	560	1
22	560	1
120	560	1
171	560	1
23	560	1
15	560	1
141	560	1
1	560	1
65	560	1
24	560	1
180	560	1
114	560	1
16	560	1
17	560	1
122	560	1
165	560	1
157	560	1
175	560	1
9	560	1
10	560	1
18	560	1
69	560	1
19	560	1
12	560	1
13	560	1
216	560	1
29	560	1
181	560	1
30	560	1
281	560	1
357	560	1
71	560	1
72	560	1
176	560	1
36	560	1
167	560	1
75	560	1
39	560	1
40	560	1
42	560	1
43	560	1
222	560	1
14	560	1
44	560	1
358	560	1
110	560	1
223	560	1
125	560	1
47	560	1
227	560	1
77	560	1
78	560	1
173	560	1
154	560	1
79	560	1
155	560	1
50	560	1
88	560	1
51	560	1
146	560	1
160	560	1
131	560	1
92	560	1
246	560	1
178	560	1
319	560	1
169	560	1
3	560	1
322	560	1
359	560	1
97	560	1
295	560	1
276	560	1
278	560	1
360	560	1
148	560	1
55	560	1
15	561	1
16	561	1
11	561	1
138	561	1
308	561	1
91	561	1
138	562	1
219	562	1
14	562	1
110	562	1
77	562	1
164	563	1
24	563	1
19	563	1
2	563	1
14	563	1
3	563	1
15	564	1
65	564	1
16	564	1
11	564	1
29	564	1
36	564	1
138	564	1
308	564	1
14	564	1
110	564	1
168	564	1
126	564	1
227	564	1
78	564	1
148	564	1
14	565	1
88	565	1
46	566	1
125	566	1
117	567	1
306	568	1
193	569	1
194	569	1
19	570	1
149	570	1
228	570	1
89	570	1
141	571	1
18	571	1
166	571	1
2	571	1
136	571	1
141	572	1
223	573	1
223	574	1
120	575	1
76	575	1
168	575	1
18	576	1
141	577	1
24	577	1
8	577	1
361	577	1
38	577	1
39	577	1
14	577	1
110	577	1
48	577	1
149	577	1
316	577	1
194	577	1
362	577	1
7	578	1
14	578	1
46	578	1
93	579	1
15	580	1
8	581	1
10	581	1
219	581	1
88	581	1
6	582	1
119	583	1
141	583	1
216	583	1
182	583	1
19	584	1
24	585	1
9	585	1
10	585	1
19	585	1
14	585	1
363	585	1
22	586	1
24	586	1
10	586	1
28	586	1
7	587	1
117	587	1
118	587	1
119	587	1
59	587	1
162	587	1
163	587	1
164	587	1
60	587	1
22	587	1
120	587	1
140	587	1
23	587	1
15	587	1
1	587	1
65	587	1
24	587	1
172	587	1
142	587	1
208	587	1
121	587	1
17	587	1
122	587	1
157	587	1
8	587	1
175	587	1
9	587	1
10	587	1
18	587	1
27	587	1
19	587	1
12	587	1
13	587	1
28	587	1
71	587	1
32	587	1
33	587	1
158	587	1
75	587	1
38	587	1
39	587	1
42	587	1
43	587	1
14	587	1
223	587	1
224	587	1
46	587	1
47	587	1
126	587	1
227	587	1
173	587	1
5	587	1
6	587	1
230	587	1
79	587	1
81	587	1
50	587	1
364	587	1
314	587	1
88	587	1
240	587	1
241	587	1
135	587	1
53	587	1
178	587	1
254	587	1
161	587	1
325	587	1
256	587	1
365	587	1
366	587	1
270	587	1
338	587	1
367	587	1
273	587	1
368	587	1
148	587	1
55	587	1
7	588	1
117	588	1
118	588	1
59	588	1
21	588	1
203	588	1
22	588	1
140	588	1
23	588	1
15	588	1
369	588	1
204	588	1
141	588	1
63	588	1
65	588	1
24	588	1
172	588	1
370	588	1
371	588	1
372	588	1
180	588	1
304	588	1
114	588	1
16	588	1
17	588	1
25	588	1
210	588	1
122	588	1
123	588	1
157	588	1
8	588	1
175	588	1
9	588	1
143	588	1
10	588	1
18	588	1
68	588	1
198	588	1
69	588	1
70	588	1
166	588	1
11	588	1
27	588	1
19	588	1
13	588	1
28	588	1
216	588	1
29	588	1
30	588	1
31	588	1
357	588	1
345	588	1
71	588	1
72	588	1
307	588	1
218	588	1
176	588	1
35	588	1
36	588	1
2	588	1
138	588	1
219	588	1
158	588	1
75	588	1
37	588	1
38	588	1
39	588	1
40	588	1
150	588	1
308	588	1
43	588	1
14	588	1
44	588	1
358	588	1
309	588	1
45	588	1
373	588	1
223	588	1
76	588	1
224	588	1
46	588	1
125	588	1
225	588	1
168	588	1
48	588	1
149	588	1
49	588	1
77	588	1
78	588	1
127	588	1
374	588	1
5	588	1
128	588	1
79	588	1
50	588	1
234	588	1
83	588	1
177	588	1
314	588	1
130	588	1
346	588	1
84	588	1
238	588	1
85	588	1
239	588	1
86	588	1
87	588	1
88	588	1
51	588	1
146	588	1
89	588	1
242	588	1
193	588	1
194	588	1
131	588	1
91	588	1
174	588	1
246	588	1
52	588	1
252	588	1
95	588	1
116	588	1
178	588	1
136	588	1
321	588	1
169	588	1
3	588	1
265	588	1
295	588	1
375	588	1
349	588	1
270	588	1
271	588	1
272	588	1
275	588	1
376	588	1
189	588	1
200	588	1
106	588	1
355	588	1
148	588	1
55	588	1
202	588	1
56	588	1
57	588	1
280	588	1
113	588	1
19	589	1
15	590	1
204	590	1
24	590	1
114	590	1
306	590	1
216	590	1
2	590	1
4	590	1
14	590	1
46	590	1
125	590	1
239	590	1
88	590	1
316	590	1
3	590	1
377	590	1
55	590	1
18	591	1
59	592	1
162	592	1
22	592	1
140	592	1
24	592	1
13	592	1
32	592	1
2	592	1
73	592	1
138	592	1
38	592	1
39	592	1
168	592	1
5	592	1
89	592	1
335	592	1
14	593	1
126	593	1
78	593	1
80	593	1
19	594	1
138	595	1
234	595	1
235	595	1
82	595	1
236	595	1
177	595	1
54	595	1
323	595	1
121	596	1
182	596	1
378	596	1
19	597	1
14	597	1
128	597	1
65	598	1
14	598	1
19	599	1
24	600	1
18	600	1
19	600	1
14	600	1
154	600	1
128	600	1
234	600	1
131	600	1
112	600	1
201	601	1
21	602	1
140	602	1
24	602	1
9	602	1
143	602	1
18	602	1
12	602	1
32	602	1
167	602	1
222	602	1
14	602	1
47	602	1
227	602	1
234	602	1
116	602	1
178	602	1
113	602	1
33	603	1
37	603	1
38	603	1
39	603	1
14	603	1
5	603	1
6	603	1
154	603	1
379	603	1
252	603	1
38	604	1
7	605	1
117	605	1
118	605	1
119	605	1
59	605	1
162	605	1
163	605	1
164	605	1
15	606	1
16	606	1
150	606	1
63	607	1
19	607	1
204	608	1
33	608	1
78	609	1
380	610	1
36	611	1
14	611	1
125	611	1
49	611	1
130	611	1
18	612	1
19	613	1
7	614	1
117	614	1
118	614	1
119	614	1
59	614	1
162	614	1
163	614	1
164	614	1
109	614	1
21	614	1
203	614	1
15	614	1
141	614	1
65	614	1
305	614	1
8	614	1
175	614	1
68	614	1
69	614	1
27	614	1
144	614	1
19	614	1
30	614	1
31	614	1
345	614	1
72	614	1
176	614	1
34	614	1
35	614	1
219	614	1
37	614	1
38	614	1
39	614	1
41	614	1
42	614	1
308	614	1
14	614	1
44	614	1
77	614	1
78	614	1
154	614	1
81	614	1
91	614	1
52	614	1
272	614	1
381	614	1
148	614	1
280	614	1
113	614	1
7	615	1
117	615	1
118	615	1
119	615	1
59	615	1
162	615	1
163	615	1
164	615	1
109	615	1
171	615	1
23	615	1
15	615	1
1	615	1
65	615	1
24	615	1
25	615	1
210	615	1
8	615	1
175	615	1
9	615	1
10	615	1
11	615	1
28	615	1
176	615	1
35	615	1
73	615	1
138	615	1
37	615	1
38	615	1
39	615	1
221	615	1
40	615	1
43	615	1
224	615	1
47	615	1
168	615	1
126	615	1
154	615	1
146	615	1
240	615	1
241	615	1
131	615	1
135	615	1
52	615	1
54	615	1
151	615	1
359	615	1
152	615	1
265	615	1
266	615	1
267	615	1
196	615	1
331	615	1
382	615	1
383	615	1
268	615	1
349	615	1
200	615	1
384	615	1
385	615	1
113	615	1
58	615	1
60	616	1
308	616	1
48	616	1
5	616	1
46	617	1
118	618	1
120	618	1
121	618	1
175	618	1
143	618	1
10	618	1
18	618	1
68	618	1
176	618	1
34	618	1
40	618	1
14	618	1
44	618	1
358	618	1
182	618	1
125	618	1
47	618	1
6	618	1
79	618	1
238	618	1
240	618	1
131	618	1
386	618	1
137	618	1
106	618	1
55	618	1
119	619	1
25	619	1
28	619	1
40	619	1
242	619	1
195	619	1
151	619	1
387	619	1
252	620	1
7	621	1
117	621	1
118	621	1
109	621	1
60	621	1
63	621	1
24	621	1
388	621	1
180	621	1
114	621	1
305	621	1
389	621	1
16	621	1
210	621	1
8	621	1
9	621	1
10	621	1
18	621	1
69	621	1
11	621	1
19	621	1
12	621	1
31	621	1
33	621	1
176	621	1
2	621	1
73	621	1
138	621	1
158	621	1
37	621	1
39	621	1
40	621	1
42	621	1
43	621	1
14	621	1
44	621	1
110	621	1
224	621	1
47	621	1
48	621	1
149	621	1
77	621	1
127	621	1
173	621	1
154	621	1
191	621	1
283	621	1
80	621	1
50	621	1
86	621	1
88	621	1
51	621	1
146	621	1
131	621	1
247	621	1
252	621	1
94	621	1
95	621	1
294	621	1
178	621	1
3	621	1
330	621	1
262	621	1
390	621	1
349	621	1
391	621	1
392	621	1
384	621	1
393	621	1
394	621	1
55	621	1
343	621	1
113	621	1
58	621	1
42	622	1
14	622	1
281	623	1
145	624	1
298	625	1
124	625	1
30	625	1
31	625	1
310	625	1
373	625	1
191	625	1
204	626	1
13	626	1
88	626	1
23	627	1
204	627	1
14	627	1
88	627	1
395	627	1
19	628	1
194	629	1
267	629	1
33	630	1
14	630	1
5	630	1
6	630	1
154	630	1
14	631	1
306	632	1
19	633	1
260	634	1
170	634	1
396	634	1
354	634	1
279	634	1
69	635	1
168	635	1
316	635	1
52	635	1
19	636	1
7	637	1
163	637	1
140	637	1
15	637	1
141	637	1
24	637	1
17	637	1
175	637	1
18	637	1
69	637	1
27	637	1
72	637	1
2	637	1
37	637	1
38	637	1
39	637	1
308	637	1
46	637	1
125	637	1
50	637	1
84	637	1
131	637	1
252	637	1
362	637	1
169	637	1
106	637	1
343	637	1
18	638	1
225	639	1
7	640	1
119	640	1
60	640	1
22	640	1
171	640	1
23	640	1
141	640	1
65	640	1
397	640	1
142	640	1
398	640	1
114	640	1
306	640	1
122	640	1
123	640	1
175	640	1
9	640	1
10	640	1
18	640	1
68	640	1
69	640	1
166	640	1
26	640	1
144	640	1
19	640	1
12	640	1
13	640	1
28	640	1
216	640	1
29	640	1
145	640	1
181	640	1
31	640	1
281	640	1
71	640	1
176	640	1
36	640	1
73	640	1
158	640	1
75	640	1
220	640	1
38	640	1
42	640	1
150	640	1
308	640	1
20	640	1
43	640	1
222	640	1
14	640	1
44	640	1
223	640	1
224	640	1
46	640	1
125	640	1
225	640	1
126	640	1
48	640	1
149	640	1
78	640	1
5	640	1
154	640	1
191	640	1
230	640	1
199	640	1
231	640	1
79	640	1
81	640	1
50	640	1
399	640	1
364	640	1
400	640	1
313	640	1
201	640	1
177	640	1
401	640	1
86	640	1
88	640	1
242	640	1
132	640	1
183	640	1
247	640	1
252	640	1
94	640	1
294	640	1
178	640	1
136	640	1
359	640	1
186	640	1
200	640	1
106	640	1
385	640	1
360	640	1
148	640	1
55	640	1
57	640	1
113	640	1
14	641	1
88	641	1
22	642	1
120	642	1
140	642	1
23	642	1
141	642	1
65	642	1
142	642	1
25	642	1
165	642	1
123	642	1
9	642	1
10	642	1
68	642	1
166	642	1
27	642	1
124	642	1
13	642	1
28	642	1
216	642	1
29	642	1
181	642	1
30	642	1
31	642	1
357	642	1
71	642	1
72	642	1
36	642	1
2	642	1
73	642	1
38	642	1
41	642	1
43	642	1
222	642	1
14	642	1
358	642	1
110	642	1
45	642	1
223	642	1
46	642	1
125	642	1
225	642	1
227	642	1
49	642	1
77	642	1
78	642	1
191	642	1
230	642	1
199	642	1
231	642	1
79	642	1
156	642	1
50	642	1
201	642	1
130	642	1
88	642	1
242	642	1
192	642	1
194	642	1
131	642	1
195	642	1
139	642	1
252	642	1
116	642	1
295	642	1
402	642	1
403	642	1
106	642	1
148	642	1
202	642	1
56	642	1
280	642	1
404	643	1
18	644	1
70	644	1
19	644	1
37	644	1
38	644	1
52	644	1
97	645	1
179	645	1
262	645	1
263	645	1
264	645	1
265	645	1
266	645	1
196	645	1
331	645	1
382	645	1
383	645	1
268	645	1
19	646	1
14	647	1
405	648	1
133	648	1
184	648	1
158	649	1
14	649	1
157	650	1
9	650	1
69	650	1
83	650	1
89	650	1
406	650	1
407	650	1
204	651	1
2	651	1
167	651	1
224	651	1
51	651	1
146	651	1
138	652	1
204	653	1
7	654	1
117	654	1
118	654	1
119	654	1
59	654	1
162	654	1
163	654	1
164	654	1
109	654	1
60	654	1
140	654	1
15	654	1
1	654	1
65	654	1
302	654	1
114	654	1
305	654	1
16	654	1
165	654	1
8	654	1
175	654	1
9	654	1
10	654	1
68	654	1
19	654	1
12	654	1
216	654	1
29	654	1
181	654	1
71	654	1
72	654	1
34	654	1
36	654	1
167	654	1
39	654	1
40	654	1
41	654	1
42	654	1
14	654	1
358	654	1
46	654	1
47	654	1
49	654	1
78	654	1
154	654	1
191	654	1
230	654	1
199	654	1
231	654	1
282	654	1
283	654	1
50	654	1
88	654	1
160	654	1
131	654	1
294	654	1
136	654	1
3	654	1
106	654	1
107	654	1
360	654	1
148	654	1
57	654	1
113	654	1
280	655	1
15	656	1
16	656	1
36	656	1
149	656	1
80	656	1
14	657	1
168	657	1
227	657	1
77	657	1
7	658	1
117	658	1
118	658	1
119	658	1
59	658	1
162	658	1
120	658	1
140	658	1
23	658	1
15	658	1
1	658	1
24	658	1
180	658	1
114	658	1
305	658	1
121	658	1
16	658	1
17	658	1
25	658	1
408	658	1
123	658	1
175	658	1
10	658	1
69	658	1
11	658	1
19	658	1
124	658	1
13	658	1
28	658	1
216	658	1
30	658	1
345	658	1
71	658	1
72	658	1
33	658	1
36	658	1
2	658	1
138	658	1
219	658	1
158	658	1
75	658	1
39	658	1
41	658	1
42	658	1
308	658	1
14	658	1
44	658	1
358	658	1
182	658	1
45	658	1
310	658	1
223	658	1
224	658	1
47	658	1
168	658	1
126	658	1
227	658	1
149	658	1
49	658	1
77	658	1
127	658	1
173	658	1
374	658	1
229	658	1
5	658	1
6	658	1
409	658	1
191	658	1
230	658	1
199	658	1
79	658	1
80	658	1
81	658	1
156	658	1
364	658	1
234	658	1
380	658	1
314	658	1
238	658	1
239	658	1
86	658	1
51	658	1
146	658	1
240	658	1
241	658	1
242	658	1
193	658	1
194	658	1
379	658	1
183	658	1
115	658	1
246	658	1
135	658	1
52	658	1
185	658	1
94	658	1
362	658	1
169	658	1
3	658	1
323	658	1
410	658	1
326	658	1
327	658	1
259	658	1
265	658	1
266	658	1
267	658	1
196	658	1
331	658	1
382	658	1
383	658	1
268	658	1
411	658	1
412	658	1
269	658	1
333	658	1
104	658	1
55	658	1
202	658	1
343	658	1
8	659	1
30	659	1
31	659	1
37	659	1
38	659	1
39	659	1
52	659	1
280	659	1
135	660	1
28	661	1
71	661	1
158	661	1
75	661	1
43	661	1
55	661	1
65	662	1
28	662	1
71	662	1
34	662	1
158	662	1
75	662	1
43	662	1
55	662	1
204	663	1
118	664	1
60	664	1
22	664	1
120	664	1
15	664	1
204	664	1
1	664	1
121	664	1
8	664	1
18	664	1
11	664	1
12	664	1
216	664	1
29	664	1
71	664	1
72	664	1
37	664	1
38	664	1
39	664	1
46	664	1
126	664	1
48	664	1
5	664	1
84	664	1
193	664	1
194	664	1
413	664	1
414	664	1
336	664	1
415	664	1
204	665	1
117	666	1
15	666	1
416	666	1
204	666	1
175	666	1
166	666	1
19	666	1
13	666	1
2	666	1
73	666	1
138	666	1
43	666	1
14	666	1
168	666	1
227	666	1
77	666	1
173	666	1
5	666	1
6	666	1
154	666	1
79	666	1
80	666	1
81	666	1
155	666	1
88	666	1
184	666	1
417	666	1
53	666	1
136	666	1
275	666	1
204	667	1
24	668	1
9	668	1
10	668	1
124	668	1
30	668	1
138	668	1
219	668	1
225	668	1
127	668	1
86	668	1
193	668	1
134	668	1
1	669	1
10	669	1
69	669	1
11	669	1
219	669	1
110	669	1
321	669	1
46	670	1
125	670	1
60	671	1
19	671	1
14	671	1
311	671	1
46	671	1
125	671	1
47	671	1
5	671	1
148	671	1
148	672	1
65	673	1
18	673	1
11	673	1
127	673	1
115	673	1
65	674	1
121	674	1
30	674	1
7	675	1
22	675	1
120	675	1
142	675	1
19	675	1
13	675	1
28	675	1
30	675	1
31	675	1
71	675	1
158	675	1
75	675	1
42	675	1
43	675	1
14	675	1
227	675	1
148	675	1
55	675	1
280	675	1
388	676	1
418	676	1
208	676	1
185	676	1
419	676	1
57	676	1
65	677	1
18	677	1
11	677	1
37	677	1
39	677	1
110	677	1
224	677	1
51	677	1
46	678	1
204	679	1
316	679	1
59	680	1
21	680	1
15	680	1
204	680	1
16	680	1
17	680	1
10	680	1
11	680	1
19	680	1
28	680	1
41	680	1
20	680	1
43	680	1
14	680	1
173	680	1
177	680	1
135	680	1
112	680	1
340	680	1
7	681	1
117	681	1
118	681	1
119	681	1
59	681	1
162	681	1
163	681	1
164	681	1
15	681	1
16	681	1
17	681	1
175	681	1
19	681	1
150	681	1
308	681	1
14	681	1
46	681	1
168	681	1
149	681	1
49	681	1
343	681	1
16	682	1
17	682	1
79	682	1
80	682	1
14	683	1
10	684	1
204	685	1
67	685	1
68	685	1
216	685	1
146	685	1
90	685	1
152	685	1
258	685	1
7	686	1
117	686	1
118	686	1
119	686	1
59	686	1
162	686	1
163	686	1
164	686	1
420	686	1
24	686	1
172	686	1
121	686	1
18	686	1
19	686	1
216	686	1
29	686	1
14	686	1
44	686	1
76	686	1
46	686	1
125	686	1
126	686	1
227	686	1
5	686	1
85	686	1
421	686	1
22	687	1
19	687	1
75	687	1
14	687	1
225	687	1
273	687	1
118	688	1
18	688	1
5	688	1
154	688	1
122	689	1
19	690	1
51	691	1
146	691	1
5	692	1
257	692	1
24	693	1
19	693	1
12	693	1
216	693	1
14	693	1
44	693	1
168	693	1
6	693	1
80	693	1
234	693	1
116	693	1
362	693	1
44	694	1
2	695	1
281	696	1
24	697	1
19	697	1
5	697	1
6	697	1
154	697	1
83	697	1
44	698	1
140	699	1
175	699	1
124	699	1
41	699	1
358	699	1
364	699	1
8	700	1
12	700	1
33	700	1
39	700	1
14	700	1
45	700	1
126	700	1
120	701	1
15	701	1
65	701	1
16	701	1
143	701	1
10	701	1
19	701	1
13	701	1
40	701	1
42	701	1
150	701	1
222	701	1
14	701	1
227	701	1
50	701	1
88	701	1
131	701	1
91	701	1
422	701	1
174	701	1
178	701	1
423	701	1
200	701	1
56	701	1
118	702	1
120	702	1
122	702	1
37	702	1
311	702	1
160	702	1
424	702	1
320	702	1
56	702	1
50	703	1
14	704	1
1	705	1
65	705	1
165	705	1
9	705	1
11	705	1
12	705	1
13	705	1
28	705	1
216	705	1
71	705	1
73	705	1
138	705	1
219	705	1
158	705	1
75	705	1
43	705	1
14	705	1
77	705	1
50	705	1
425	705	1
238	705	1
88	705	1
91	705	1
95	705	1
151	705	1
255	705	1
426	705	1
427	705	1
190	705	1
148	705	1
55	705	1
125	706	1
65	707	1
175	707	1
19	707	1
12	707	1
13	707	1
28	707	1
71	707	1
158	707	1
75	707	1
43	707	1
55	707	1
65	708	1
30	708	1
270	708	1
46	709	1
88	710	1
21	711	1
120	711	1
140	711	1
65	711	1
114	711	1
18	711	1
68	711	1
69	711	1
26	711	1
19	711	1
12	711	1
124	711	1
13	711	1
28	711	1
216	711	1
29	711	1
145	711	1
217	711	1
71	711	1
36	711	1
73	711	1
158	711	1
75	711	1
150	711	1
43	711	1
14	711	1
224	711	1
46	711	1
125	711	1
47	711	1
126	711	1
227	711	1
78	711	1
5	711	1
6	711	1
154	711	1
86	711	1
88	711	1
51	711	1
146	711	1
428	711	1
104	711	1
55	711	1
143	712	1
19	712	1
216	712	1
182	712	1
79	712	1
50	712	1
177	712	1
429	712	1
139	712	1
252	712	1
348	712	1
430	712	1
338	712	1
190	712	1
65	713	1
114	713	1
305	713	1
165	713	1
28	713	1
71	713	1
158	713	1
75	713	1
43	713	1
168	713	1
364	713	1
55	713	1
7	714	1
117	714	1
118	714	1
119	714	1
59	714	1
162	714	1
163	714	1
164	714	1
109	714	1
171	714	1
65	714	1
24	714	1
172	714	1
175	714	1
9	714	1
10	714	1
18	714	1
11	714	1
405	714	1
19	714	1
12	714	1
124	714	1
28	714	1
216	714	1
29	714	1
145	714	1
181	714	1
71	714	1
176	714	1
34	714	1
2	714	1
73	714	1
219	714	1
158	714	1
75	714	1
40	714	1
43	714	1
76	714	1
46	714	1
125	714	1
47	714	1
225	714	1
227	714	1
48	714	1
149	714	1
77	714	1
229	714	1
5	714	1
6	714	1
81	714	1
431	714	1
400	714	1
346	714	1
86	714	1
88	714	1
51	714	1
316	714	1
115	714	1
135	714	1
147	714	1
407	714	1
190	714	1
55	714	1
343	714	1
171	715	1
5	715	1
6	715	1
79	715	1
65	716	1
216	716	1
29	716	1
181	716	1
47	716	1
88	716	1
51	716	1
146	716	1
175	717	1
19	717	1
13	717	1
28	717	1
71	717	1
158	717	1
75	717	1
40	717	1
42	717	1
43	717	1
201	717	1
252	717	1
190	717	1
432	717	1
55	717	1
50	718	1
65	719	1
18	719	1
19	719	1
40	719	1
14	719	1
49	719	1
78	719	1
204	720	1
117	721	1
163	721	1
9	721	1
19	721	1
16	722	1
29	722	1
138	722	1
37	722	1
38	722	1
14	722	1
110	722	1
46	722	1
125	722	1
5	722	1
6	722	1
154	722	1
258	722	1
433	722	1
434	722	1
354	722	1
189	722	1
256	723	1
204	724	1
12	724	1
5	724	1
6	724	1
182	725	1
204	726	1
124	726	1
13	726	1
35	726	1
46	726	1
117	727	1
164	727	1
23	727	1
204	727	1
17	727	1
70	727	1
37	727	1
14	727	1
44	727	1
47	727	1
227	727	1
5	727	1
79	727	1
146	727	1
193	727	1
131	727	1
178	727	1
273	727	1
16	728	1
120	729	1
59	730	1
65	730	1
142	730	1
175	730	1
158	730	1
222	730	1
156	730	1
435	730	1
202	730	1
7	731	1
117	731	1
118	731	1
119	731	1
59	731	1
162	731	1
163	731	1
164	731	1
109	731	1
60	731	1
21	731	1
203	731	1
22	731	1
140	731	1
23	731	1
15	731	1
141	731	1
1	731	1
65	731	1
24	731	1
172	731	1
142	731	1
436	731	1
121	731	1
16	731	1
17	731	1
306	731	1
25	731	1
210	731	1
408	731	1
122	731	1
165	731	1
157	731	1
175	731	1
9	731	1
10	731	1
18	731	1
68	731	1
69	731	1
11	731	1
19	731	1
28	731	1
216	731	1
29	731	1
145	731	1
30	731	1
31	731	1
357	731	1
345	731	1
71	731	1
72	731	1
32	731	1
33	731	1
176	731	1
2	731	1
167	731	1
4	731	1
138	731	1
219	731	1
158	731	1
75	731	1
37	731	1
38	731	1
39	731	1
40	731	1
42	731	1
150	731	1
43	731	1
14	731	1
44	731	1
182	731	1
110	731	1
310	731	1
373	731	1
223	731	1
76	731	1
224	731	1
46	731	1
125	731	1
47	731	1
225	731	1
168	731	1
227	731	1
48	731	1
149	731	1
49	731	1
77	731	1
78	731	1
5	731	1
6	731	1
154	731	1
128	731	1
79	731	1
80	731	1
81	731	1
155	731	1
156	731	1
50	731	1
364	731	1
201	731	1
314	731	1
130	731	1
84	731	1
85	731	1
421	731	1
88	731	1
51	731	1
146	731	1
240	731	1
241	731	1
131	731	1
132	731	1
183	731	1
178	731	1
437	731	1
362	731	1
169	731	1
3	731	1
438	731	1
258	731	1
268	731	1
295	731	1
349	731	1
273	731	1
275	731	1
106	731	1
148	731	1
55	731	1
56	731	1
57	731	1
280	731	1
343	731	1
60	732	1
65	732	1
24	732	1
8	732	1
175	732	1
10	732	1
18	732	1
19	732	1
28	732	1
216	732	1
33	732	1
75	732	1
37	732	1
38	732	1
39	732	1
42	732	1
43	732	1
14	732	1
225	732	1
6	732	1
79	732	1
50	732	1
439	732	1
52	732	1
440	732	1
298	733	1
18	733	1
4	733	1
192	733	1
246	733	1
275	733	1
190	733	1
7	734	1
59	734	1
305	734	1
306	734	1
175	734	1
18	734	1
11	734	1
281	734	1
357	734	1
36	734	1
167	734	1
4	734	1
39	734	1
20	734	1
44	734	1
47	734	1
168	734	1
173	734	1
79	734	1
155	734	1
83	734	1
159	734	1
240	734	1
241	734	1
246	734	1
93	734	1
111	734	1
178	734	1
362	734	1
323	734	1
260	734	1
261	734	1
330	734	1
365	734	1
441	734	1
426	734	1
414	734	1
387	734	1
442	734	1
443	734	1
336	734	1
271	734	1
444	734	1
337	734	1
338	734	1
367	734	1
273	734	1
340	734	1
275	734	1
445	734	1
446	734	1
341	734	1
447	734	1
448	734	1
190	734	1
449	734	1
113	734	1
60	735	1
204	735	1
141	735	1
1	735	1
24	735	1
17	735	1
25	735	1
210	735	1
165	735	1
123	735	1
18	735	1
11	735	1
19	735	1
12	735	1
13	735	1
28	735	1
216	735	1
281	735	1
71	735	1
72	735	1
158	735	1
75	735	1
37	735	1
38	735	1
39	735	1
40	735	1
43	735	1
222	735	1
14	735	1
44	735	1
223	735	1
227	735	1
149	735	1
154	735	1
86	735	1
87	735	1
160	735	1
178	735	1
3	735	1
330	735	1
186	735	1
187	735	1
273	735	1
200	735	1
55	735	1
202	735	1
9	736	1
10	736	1
18	736	1
11	736	1
19	736	1
12	736	1
13	736	1
28	736	1
216	736	1
71	736	1
34	736	1
36	736	1
138	736	1
158	736	1
75	736	1
43	736	1
14	736	1
110	736	1
224	736	1
49	736	1
5	736	1
6	736	1
154	736	1
156	736	1
88	736	1
148	736	1
55	736	1
19	737	1
77	737	1
180	738	1
19	738	1
39	738	1
14	738	1
46	738	1
47	738	1
88	738	1
60	739	1
19	739	1
28	739	1
71	739	1
158	739	1
75	739	1
43	739	1
55	739	1
12	740	1
13	740	1
28	740	1
71	740	1
158	740	1
75	740	1
43	740	1
222	740	1
149	740	1
55	740	1
70	741	1
19	741	1
14	741	1
7	742	1
117	742	1
118	742	1
119	742	1
59	742	1
162	742	1
163	742	1
164	742	1
46	742	1
125	742	1
343	742	1
60	743	1
65	743	1
28	743	1
216	743	1
71	743	1
158	743	1
75	743	1
43	743	1
149	743	1
49	743	1
55	743	1
13	744	1
47	744	1
11	745	1
46	745	1
125	745	1
47	745	1
183	746	1
186	746	1
22	747	1
171	747	1
23	747	1
141	747	1
1	747	1
65	747	1
24	747	1
172	747	1
25	747	1
210	747	1
9	747	1
143	747	1
10	747	1
18	747	1
69	747	1
144	747	1
28	747	1
29	747	1
30	747	1
31	747	1
345	747	1
71	747	1
176	747	1
34	747	1
219	747	1
158	747	1
75	747	1
40	747	1
43	747	1
14	747	1
223	747	1
76	747	1
47	747	1
225	747	1
230	747	1
231	747	1
79	747	1
50	747	1
400	747	1
84	747	1
421	747	1
88	747	1
315	747	1
194	747	1
132	747	1
134	747	1
318	747	1
195	747	1
244	747	1
94	747	1
116	747	1
362	747	1
255	747	1
359	747	1
327	747	1
186	747	1
390	747	1
148	747	1
55	747	1
202	747	1
450	747	1
280	747	1
7	748	1
117	748	1
118	748	1
119	748	1
59	748	1
162	748	1
163	748	1
164	748	1
21	748	1
22	748	1
120	748	1
140	748	1
15	748	1
204	748	1
141	748	1
301	748	1
1	748	1
65	748	1
24	748	1
372	748	1
16	748	1
210	748	1
122	748	1
165	748	1
8	748	1
175	748	1
9	748	1
10	748	1
18	748	1
68	748	1
69	748	1
166	748	1
26	748	1
144	748	1
19	748	1
12	748	1
124	748	1
13	748	1
28	748	1
216	748	1
30	748	1
31	748	1
345	748	1
71	748	1
72	748	1
32	748	1
176	748	1
34	748	1
35	748	1
36	748	1
2	748	1
138	748	1
158	748	1
75	748	1
37	748	1
38	748	1
39	748	1
40	748	1
41	748	1
42	748	1
43	748	1
222	748	1
14	748	1
44	748	1
358	748	1
110	748	1
45	748	1
310	748	1
311	748	1
223	748	1
76	748	1
224	748	1
46	748	1
125	748	1
126	748	1
48	748	1
149	748	1
78	748	1
173	748	1
5	748	1
6	748	1
191	748	1
230	748	1
199	748	1
231	748	1
79	748	1
80	748	1
155	748	1
156	748	1
50	748	1
234	748	1
177	748	1
314	748	1
84	748	1
238	748	1
86	748	1
88	748	1
51	748	1
146	748	1
315	748	1
89	748	1
240	748	1
241	748	1
242	748	1
131	748	1
91	748	1
195	748	1
174	748	1
52	748	1
94	748	1
178	748	1
253	748	1
413	748	1
256	748	1
410	748	1
326	748	1
152	748	1
257	748	1
258	748	1
433	748	1
434	748	1
353	748	1
328	748	1
451	748	1
179	748	1
335	748	1
187	748	1
270	748	1
391	748	1
452	748	1
272	748	1
376	748	1
104	748	1
453	748	1
106	748	1
454	748	1
148	748	1
56	748	1
455	748	1
280	748	1
113	748	1
10	749	1
307	749	1
37	749	1
76	749	1
154	749	1
130	749	1
7	750	1
162	750	1
21	750	1
22	750	1
120	750	1
24	750	1
9	750	1
28	750	1
30	750	1
71	750	1
176	750	1
75	750	1
43	750	1
222	750	1
14	750	1
110	750	1
48	750	1
5	750	1
81	750	1
156	750	1
50	750	1
51	750	1
146	750	1
169	750	1
272	750	1
106	750	1
55	750	1
88	751	1
117	752	1
23	752	1
65	752	1
24	752	1
172	752	1
122	752	1
157	752	1
8	752	1
2	752	1
37	752	1
39	752	1
40	752	1
42	752	1
14	752	1
78	752	1
5	752	1
154	752	1
80	752	1
50	752	1
316	752	1
131	752	1
387	752	1
106	752	1
113	752	1
18	753	1
2	753	1
149	754	1
65	755	1
305	755	1
69	755	1
12	755	1
13	755	1
28	755	1
216	755	1
71	755	1
33	755	1
35	755	1
158	755	1
75	755	1
40	755	1
43	755	1
14	755	1
45	755	1
46	755	1
125	755	1
47	755	1
227	755	1
6	755	1
80	755	1
130	755	1
86	755	1
456	755	1
272	755	1
339	755	1
55	755	1
58	755	1
163	756	1
204	756	1
142	756	1
18	756	1
68	756	1
11	756	1
19	756	1
12	756	1
13	756	1
28	756	1
14	756	1
224	756	1
78	756	1
5	756	1
6	756	1
201	756	1
84	756	1
174	756	1
136	756	1
296	756	1
457	756	1
458	756	1
459	756	1
280	756	1
118	757	1
59	757	1
164	757	1
109	757	1
21	757	1
140	757	1
1	757	1
24	757	1
114	757	1
121	757	1
157	757	1
9	757	1
10	757	1
18	757	1
68	757	1
69	757	1
26	757	1
405	757	1
19	757	1
36	757	1
138	757	1
219	757	1
75	757	1
14	757	1
44	757	1
110	757	1
224	757	1
46	757	1
125	757	1
47	757	1
127	757	1
229	757	1
154	757	1
79	757	1
234	757	1
130	757	1
88	757	1
89	757	1
134	757	1
318	757	1
183	757	1
185	757	1
94	757	1
437	757	1
255	757	1
169	757	1
413	757	1
58	757	1
109	758	1
172	758	1
408	758	1
69	758	1
33	758	1
150	758	1
130	758	1
134	758	1
319	758	1
325	758	1
15	759	1
16	759	1
17	759	1
138	759	1
150	759	1
14	759	1
5	759	1
6	759	1
154	759	1
50	759	1
48	760	1
364	760	1
160	760	1
242	760	1
55	760	1
15	761	1
16	761	1
28	761	1
71	761	1
158	761	1
75	761	1
150	761	1
43	761	1
55	761	1
234	762	1
7	763	1
119	763	1
162	763	1
19	763	1
55	763	1
56	763	1
7	764	1
117	764	1
118	764	1
119	764	1
59	764	1
162	764	1
163	764	1
164	764	1
15	764	1
141	764	1
1	764	1
65	764	1
9	764	1
10	764	1
18	764	1
19	764	1
12	764	1
13	764	1
28	764	1
216	764	1
29	764	1
145	764	1
181	764	1
43	764	1
14	764	1
44	764	1
46	764	1
125	764	1
88	764	1
91	764	1
274	764	1
339	764	1
460	764	1
384	764	1
171	765	1
24	765	1
19	765	1
28	765	1
43	765	1
93	765	1
120	766	1
23	766	1
15	766	1
24	766	1
121	766	1
16	766	1
17	766	1
11	766	1
19	766	1
345	766	1
36	766	1
167	766	1
150	766	1
308	766	1
20	766	1
43	766	1
14	766	1
44	766	1
47	766	1
227	766	1
5	766	1
6	766	1
79	766	1
50	766	1
177	766	1
88	766	1
246	766	1
252	766	1
3	766	1
55	766	1
343	766	1
65	767	1
12	767	1
124	767	1
14	767	1
133	767	1
422	767	1
18	768	1
14	768	1
20	769	1
3	769	1
15	770	1
308	770	1
14	770	1
48	770	1
5	770	1
24	771	1
16	771	1
17	771	1
461	771	1
36	771	1
138	771	1
14	771	1
91	771	1
148	771	1
177	772	1
69	773	1
21	774	1
140	774	1
15	774	1
65	774	1
68	774	1
176	774	1
34	774	1
150	774	1
308	774	1
46	774	1
6	774	1
154	774	1
130	774	1
85	774	1
421	774	1
88	774	1
51	774	1
146	774	1
91	774	1
183	774	1
65	775	1
7	776	1
117	776	1
118	776	1
119	776	1
59	776	1
162	776	1
163	776	1
164	776	1
109	776	1
60	776	1
23	776	1
15	776	1
165	776	1
143	776	1
18	776	1
166	776	1
26	776	1
214	776	1
19	776	1
28	776	1
71	776	1
72	776	1
42	776	1
43	776	1
110	776	1
373	776	1
223	776	1
47	776	1
149	776	1
154	776	1
51	776	1
146	776	1
190	776	1
148	776	1
343	776	1
7	777	1
117	777	1
118	777	1
119	777	1
59	777	1
162	777	1
163	777	1
164	777	1
60	777	1
21	777	1
22	777	1
120	777	1
23	777	1
204	777	1
298	777	1
1	777	1
65	777	1
24	777	1
172	777	1
121	777	1
25	777	1
122	777	1
165	777	1
8	777	1
9	777	1
10	777	1
18	777	1
166	777	1
11	777	1
26	777	1
19	777	1
12	777	1
124	777	1
13	777	1
28	777	1
216	777	1
29	777	1
30	777	1
357	777	1
71	777	1
72	777	1
32	777	1
34	777	1
73	777	1
138	777	1
219	777	1
158	777	1
75	777	1
37	777	1
38	777	1
39	777	1
41	777	1
42	777	1
150	777	1
43	777	1
222	777	1
14	777	1
44	777	1
110	777	1
223	777	1
224	777	1
46	777	1
125	777	1
225	777	1
227	777	1
48	777	1
77	777	1
127	777	1
5	777	1
6	777	1
154	777	1
191	777	1
230	777	1
199	777	1
231	777	1
79	777	1
81	777	1
155	777	1
156	777	1
50	777	1
425	777	1
130	777	1
88	777	1
51	777	1
146	777	1
242	777	1
316	777	1
192	777	1
193	777	1
194	777	1
91	777	1
52	777	1
252	777	1
161	777	1
262	777	1
266	777	1
268	777	1
335	777	1
295	777	1
275	777	1
190	777	1
462	777	1
200	777	1
106	777	1
148	777	1
55	777	1
202	777	1
56	777	1
343	777	1
113	777	1
193	778	1
194	778	1
144	779	1
180	780	1
210	780	1
68	780	1
166	780	1
216	780	1
29	780	1
145	780	1
181	780	1
167	780	1
14	780	1
44	780	1
182	780	1
110	780	1
223	780	1
46	780	1
125	780	1
225	780	1
168	780	1
126	780	1
48	780	1
84	780	1
88	780	1
315	780	1
91	780	1
319	780	1
259	780	1
268	780	1
278	780	1
55	780	1
202	780	1
8	781	1
33	781	1
37	781	1
38	781	1
42	781	1
52	781	1
41	782	1
76	783	1
6	783	1
106	784	1
120	785	1
171	785	1
23	785	1
141	785	1
142	785	1
122	785	1
165	785	1
10	785	1
68	785	1
27	785	1
12	785	1
28	785	1
71	785	1
307	785	1
463	785	1
158	785	1
75	785	1
41	785	1
43	785	1
14	785	1
44	785	1
78	785	1
130	785	1
238	785	1
239	785	1
88	785	1
316	785	1
139	785	1
437	785	1
169	785	1
295	785	1
407	785	1
106	785	1
360	785	1
148	785	1
55	785	1
202	785	1
56	785	1
113	785	1
117	786	1
123	786	1
18	786	1
177	786	1
346	786	1
84	786	1
86	786	1
106	787	1
14	788	1
73	789	1
14	789	1
118	790	1
65	790	1
140	791	1
121	791	1
9	791	1
68	791	1
28	791	1
71	791	1
14	791	1
46	791	1
156	791	1
12	792	1
13	792	1
122	793	1
157	794	1
18	794	1
19	794	1
216	794	1
47	794	1
78	794	1
137	794	1
14	795	1
16	796	1
340	796	1
15	797	1
65	797	1
172	797	1
16	797	1
17	797	1
210	797	1
157	797	1
175	797	1
9	797	1
10	797	1
11	797	1
12	797	1
13	797	1
28	797	1
216	797	1
29	797	1
145	797	1
31	797	1
71	797	1
36	797	1
138	797	1
158	797	1
75	797	1
43	797	1
14	797	1
44	797	1
46	797	1
47	797	1
227	797	1
5	797	1
6	797	1
88	797	1
146	797	1
245	797	1
184	797	1
185	797	1
295	797	1
189	797	1
55	797	1
56	797	1
14	798	1
7	799	1
117	799	1
118	799	1
119	799	1
59	799	1
162	799	1
163	799	1
164	799	1
109	799	1
60	799	1
21	799	1
120	799	1
23	799	1
15	799	1
1	799	1
65	799	1
24	799	1
172	799	1
142	799	1
464	799	1
114	799	1
16	799	1
17	799	1
210	799	1
165	799	1
157	799	1
8	799	1
10	799	1
18	799	1
68	799	1
69	799	1
70	799	1
26	799	1
27	799	1
144	799	1
19	799	1
13	799	1
28	799	1
181	799	1
30	799	1
31	799	1
357	799	1
217	799	1
71	799	1
32	799	1
33	799	1
34	799	1
35	799	1
138	799	1
158	799	1
75	799	1
37	799	1
38	799	1
39	799	1
43	799	1
222	799	1
14	799	1
110	799	1
45	799	1
223	799	1
76	799	1
224	799	1
46	799	1
47	799	1
225	799	1
48	799	1
77	799	1
173	799	1
5	799	1
6	799	1
409	799	1
191	799	1
230	799	1
199	799	1
231	799	1
79	799	1
80	799	1
81	799	1
155	799	1
156	799	1
50	799	1
234	799	1
130	799	1
84	799	1
238	799	1
88	799	1
51	799	1
146	799	1
242	799	1
316	799	1
131	799	1
134	799	1
195	799	1
52	799	1
93	799	1
53	799	1
54	799	1
178	799	1
253	799	1
3	799	1
325	799	1
260	799	1
335	799	1
295	799	1
272	799	1
273	799	1
445	799	1
148	799	1
55	799	1
202	799	1
56	799	1
280	799	1
113	799	1
58	799	1
56	800	1
21	801	1
30	801	1
31	801	1
126	801	1
88	801	1
280	801	1
7	802	1
117	802	1
118	802	1
119	802	1
59	802	1
162	802	1
163	802	1
164	802	1
109	802	1
60	802	1
21	802	1
203	802	1
22	802	1
140	802	1
171	802	1
23	802	1
204	802	1
141	802	1
65	802	1
24	802	1
142	802	1
121	802	1
17	802	1
210	802	1
175	802	1
9	802	1
10	802	1
18	802	1
68	802	1
69	802	1
11	802	1
19	802	1
12	802	1
124	802	1
13	802	1
28	802	1
29	802	1
30	802	1
31	802	1
345	802	1
71	802	1
307	802	1
32	802	1
33	802	1
35	802	1
2	802	1
73	802	1
167	802	1
138	802	1
219	802	1
37	802	1
38	802	1
39	802	1
40	802	1
41	802	1
43	802	1
14	802	1
44	802	1
358	802	1
182	802	1
110	802	1
310	802	1
373	802	1
311	802	1
223	802	1
46	802	1
125	802	1
47	802	1
225	802	1
168	802	1
227	802	1
48	802	1
149	802	1
77	802	1
173	802	1
6	802	1
81	802	1
50	802	1
364	802	1
84	802	1
88	802	1
51	802	1
146	802	1
131	802	1
247	802	1
52	802	1
252	802	1
348	802	1
178	802	1
268	802	1
390	802	1
465	802	1
272	802	1
368	802	1
200	802	1
55	802	1
57	802	1
280	802	1
113	802	1
165	803	1
69	803	1
224	803	1
253	803	1
46	804	1
125	804	1
15	805	1
24	805	1
17	805	1
213	805	1
26	805	1
13	805	1
138	805	1
219	805	1
75	805	1
42	805	1
224	805	1
149	805	1
127	805	1
5	805	1
6	805	1
154	805	1
128	805	1
79	805	1
80	805	1
81	805	1
130	805	1
51	805	1
146	805	1
243	805	1
90	805	1
93	805	1
106	805	1
12	806	1
13	806	1
65	807	1
120	808	1
18	808	1
68	808	1
19	808	1
156	808	1
7	809	1
118	809	1
114	809	1
28	809	1
29	809	1
75	809	1
168	809	1
128	809	1
79	809	1
196	809	1
466	809	1
60	810	1
31	810	1
116	810	1
149	811	1
7	812	1
117	812	1
118	812	1
119	812	1
59	812	1
162	812	1
163	812	1
164	812	1
140	812	1
12	812	1
124	812	1
13	812	1
12	813	1
28	813	1
71	813	1
158	813	1
75	813	1
43	813	1
240	813	1
55	813	1
11	814	1
19	814	1
13	814	1
14	814	1
46	814	1
125	814	1
49	814	1
238	814	1
91	814	1
252	814	1
65	815	1
24	815	1
175	815	1
125	815	1
238	815	1
194	815	1
252	815	1
117	816	1
109	816	1
65	816	1
24	816	1
142	816	1
9	816	1
18	816	1
28	816	1
216	816	1
29	816	1
145	816	1
30	816	1
73	816	1
46	816	1
47	816	1
5	816	1
6	816	1
154	816	1
88	816	1
200	816	1
113	816	1
47	817	1
117	818	1
21	818	1
203	818	1
142	818	1
305	818	1
17	818	1
27	818	1
19	818	1
28	818	1
216	818	1
30	818	1
43	818	1
222	818	1
14	818	1
44	818	1
227	818	1
149	818	1
6	818	1
191	818	1
230	818	1
199	818	1
231	818	1
282	818	1
283	818	1
380	818	1
86	818	1
245	818	1
365	818	1
349	818	1
400	819	1
328	819	1
263	819	1
412	819	1
18	820	1
86	820	1
362	820	1
65	821	1
114	821	1
219	821	1
38	821	1
150	821	1
126	821	1
86	821	1
185	821	1
254	821	1
261	821	1
187	821	1
453	821	1
460	821	1
65	822	1
10	822	1
31	822	1
349	822	1
113	822	1
7	823	1
117	823	1
118	823	1
119	823	1
109	823	1
60	823	1
22	823	1
120	823	1
140	823	1
15	823	1
204	823	1
141	823	1
467	823	1
65	823	1
24	823	1
172	823	1
468	823	1
114	823	1
305	823	1
121	823	1
16	823	1
17	823	1
210	823	1
8	823	1
9	823	1
10	823	1
18	823	1
68	823	1
69	823	1
26	823	1
214	823	1
27	823	1
144	823	1
405	823	1
12	823	1
124	823	1
13	823	1
28	823	1
29	823	1
30	823	1
31	823	1
357	823	1
32	823	1
176	823	1
34	823	1
35	823	1
36	823	1
73	823	1
4	823	1
138	823	1
37	823	1
38	823	1
39	823	1
40	823	1
41	823	1
42	823	1
43	823	1
14	823	1
110	823	1
223	823	1
224	823	1
46	823	1
125	823	1
47	823	1
225	823	1
126	823	1
48	823	1
149	823	1
77	823	1
78	823	1
173	823	1
5	823	1
6	823	1
128	823	1
129	823	1
81	823	1
155	823	1
50	823	1
364	823	1
234	823	1
314	823	1
425	823	1
130	823	1
88	823	1
51	823	1
146	823	1
194	823	1
131	823	1
91	823	1
286	823	1
287	823	1
288	823	1
289	823	1
290	823	1
291	823	1
292	823	1
293	823	1
244	823	1
53	823	1
94	823	1
178	823	1
253	823	1
263	823	1
267	823	1
469	823	1
349	823	1
470	823	1
273	823	1
445	823	1
471	823	1
472	823	1
200	823	1
55	823	1
56	823	1
280	823	1
343	823	1
113	823	1
58	823	1
216	824	1
29	824	1
145	824	1
109	825	1
65	825	1
473	825	1
175	825	1
18	825	1
68	825	1
11	825	1
167	825	1
40	825	1
14	825	1
47	825	1
50	825	1
91	825	1
246	825	1
321	825	1
113	825	1
18	826	1
182	826	1
109	827	1
15	827	1
16	827	1
17	827	1
2	827	1
138	827	1
150	827	1
43	827	1
127	827	1
88	827	1
146	827	1
3	827	1
106	827	1
306	828	1
14	829	1
50	829	1
88	830	1
474	831	1
298	831	1
1	831	1
65	831	1
122	831	1
9	831	1
10	831	1
212	831	1
144	831	1
13	831	1
461	831	1
475	831	1
14	831	1
116	831	1
262	831	1
456	831	1
147	831	1
367	831	1
368	831	1
460	831	1
384	831	1
153	831	1
19	832	1
18	833	1
12	833	1
124	833	1
217	833	1
33	833	1
35	833	1
138	833	1
43	833	1
14	833	1
110	833	1
47	833	1
362	833	1
15	834	1
1	834	1
17	834	1
175	834	1
30	834	1
31	834	1
41	834	1
280	834	1
22	835	1
11	835	1
281	835	1
110	835	1
50	835	1
135	835	1
252	835	1
7	836	1
117	836	1
118	836	1
119	836	1
59	836	1
162	836	1
163	836	1
164	836	1
23	836	1
141	836	1
1	836	1
210	836	1
175	836	1
28	836	1
29	836	1
71	836	1
33	836	1
158	836	1
75	836	1
43	836	1
227	836	1
5	836	1
6	836	1
154	836	1
81	836	1
88	836	1
146	836	1
132	836	1
136	836	1
169	836	1
258	836	1
433	836	1
434	836	1
55	836	1
22	837	1
15	837	1
16	837	1
150	837	1
5	837	1
6	837	1
154	837	1
146	837	1
9	838	1
217	838	1
225	838	1
161	838	1
106	838	1
454	838	1
278	838	1
364	839	1
7	840	1
157	840	1
143	840	1
405	840	1
461	840	1
222	840	1
14	840	1
126	840	1
229	840	1
154	840	1
128	840	1
129	840	1
199	840	1
346	840	1
131	840	1
132	840	1
244	840	1
53	840	1
54	840	1
255	840	1
58	840	1
44	841	1
88	841	1
51	841	1
146	841	1
117	842	1
120	842	1
10	842	1
11	842	1
14	842	1
50	842	1
192	842	1
441	842	1
188	842	1
200	842	1
7	843	1
10	843	1
88	843	1
320	843	1
7	844	1
117	844	1
118	844	1
119	844	1
59	844	1
162	844	1
163	844	1
164	844	1
476	844	1
46	844	1
125	844	1
236	844	1
161	844	1
271	844	1
343	844	1
59	845	1
1	845	1
58	845	1
28	846	1
110	846	1
349	846	1
50	847	1
163	848	1
21	848	1
203	848	1
120	848	1
121	848	1
122	848	1
12	848	1
124	848	1
28	848	1
29	848	1
36	848	1
4	848	1
150	848	1
222	848	1
182	848	1
76	848	1
227	848	1
49	848	1
5	848	1
6	848	1
154	848	1
79	848	1
80	848	1
155	848	1
156	848	1
159	848	1
88	848	1
106	848	1
148	848	1
55	848	1
202	848	1
5	849	1
180	850	1
175	850	1
10	850	1
18	850	1
68	850	1
11	850	1
14	850	1
5	850	1
6	850	1
50	850	1
112	850	1
55	850	1
204	851	1
141	851	1
18	851	1
11	851	1
12	851	1
13	851	1
30	851	1
176	851	1
47	851	1
374	851	1
86	851	1
116	851	1
178	851	1
349	851	1
138	852	1
14	852	1
110	852	1
178	852	1
175	853	1
18	854	1
68	854	1
191	855	1
230	855	1
199	855	1
231	855	1
51	856	1
146	856	1
131	856	1
7	857	1
124	857	1
13	857	1
14	857	1
178	857	1
175	858	1
19	858	1
7	859	1
162	859	1
163	859	1
109	859	1
60	859	1
21	859	1
22	859	1
120	859	1
140	859	1
23	859	1
15	859	1
204	859	1
477	859	1
141	859	1
1	859	1
65	859	1
24	859	1
172	859	1
142	859	1
180	859	1
114	859	1
305	859	1
121	859	1
17	859	1
25	859	1
210	859	1
122	859	1
123	859	1
157	859	1
8	859	1
175	859	1
9	859	1
10	859	1
18	859	1
68	859	1
69	859	1
70	859	1
166	859	1
11	859	1
26	859	1
214	859	1
19	859	1
13	859	1
28	859	1
216	859	1
29	859	1
145	859	1
30	859	1
31	859	1
281	859	1
357	859	1
345	859	1
217	859	1
71	859	1
72	859	1
32	859	1
33	859	1
34	859	1
35	859	1
36	859	1
2	859	1
73	859	1
138	859	1
219	859	1
158	859	1
37	859	1
38	859	1
39	859	1
41	859	1
150	859	1
43	859	1
222	859	1
14	859	1
182	859	1
110	859	1
223	859	1
224	859	1
46	859	1
125	859	1
47	859	1
225	859	1
227	859	1
48	859	1
49	859	1
77	859	1
78	859	1
173	859	1
5	859	1
154	859	1
128	859	1
191	859	1
230	859	1
199	859	1
231	859	1
282	859	1
283	859	1
80	859	1
81	859	1
50	859	1
364	859	1
234	859	1
177	859	1
425	859	1
130	859	1
239	859	1
86	859	1
88	859	1
51	859	1
146	859	1
160	859	1
316	859	1
192	859	1
193	859	1
194	859	1
243	859	1
90	859	1
131	859	1
134	859	1
91	859	1
244	859	1
92	859	1
52	859	1
93	859	1
53	859	1
54	859	1
478	859	1
252	859	1
178	859	1
437	859	1
362	859	1
255	859	1
169	859	1
112	859	1
258	859	1
433	859	1
434	859	1
259	859	1
260	859	1
261	859	1
328	859	1
479	859	1
97	859	1
262	859	1
264	859	1
265	859	1
267	859	1
196	859	1
480	859	1
269	859	1
402	859	1
403	859	1
481	859	1
482	859	1
349	859	1
483	859	1
484	859	1
485	859	1
443	859	1
486	859	1
487	859	1
367	859	1
272	859	1
273	859	1
428	859	1
104	859	1
447	859	1
276	859	1
106	859	1
107	859	1
148	859	1
56	859	1
488	859	1
57	859	1
60	860	1
124	860	1
13	860	1
162	861	1
15	861	1
204	861	1
141	861	1
16	861	1
10	861	1
19	861	1
216	861	1
228	861	1
89	861	1
169	861	1
121	862	1
150	863	1
17	864	1
138	864	1
192	864	1
193	864	1
194	864	1
178	864	1
273	864	1
59	865	1
109	865	1
23	865	1
15	865	1
204	865	1
65	865	1
24	865	1
172	865	1
180	865	1
114	865	1
17	865	1
165	865	1
8	865	1
143	865	1
18	865	1
68	865	1
26	865	1
214	865	1
405	865	1
19	865	1
216	865	1
31	865	1
32	865	1
167	865	1
219	865	1
37	865	1
38	865	1
39	865	1
14	865	1
223	865	1
224	865	1
46	865	1
125	865	1
48	865	1
230	865	1
155	865	1
50	865	1
400	865	1
313	865	1
177	865	1
51	865	1
316	865	1
192	865	1
131	865	1
106	865	1
148	865	1
55	865	1
124	866	1
281	866	1
36	866	1
38	866	1
489	867	1
227	867	1
120	868	1
28	868	1
71	868	1
158	868	1
75	868	1
43	868	1
22	869	1
120	869	1
28	869	1
71	869	1
72	869	1
43	869	1
222	869	1
56	869	1
42	870	1
225	870	1
130	870	1
135	870	1
252	870	1
136	870	1
56	870	1
305	871	1
143	871	1
18	871	1
213	871	1
198	871	1
19	871	1
29	871	1
75	871	1
14	871	1
47	871	1
5	871	1
191	871	1
490	871	1
401	871	1
86	871	1
92	871	1
135	871	1
252	871	1
178	871	1
3	871	1
196	871	1
170	871	1
187	871	1
491	871	1
428	871	1
109	872	1
60	872	1
140	872	1
171	872	1
23	872	1
15	872	1
298	872	1
492	872	1
493	872	1
65	872	1
24	872	1
172	872	1
372	872	1
16	872	1
17	872	1
210	872	1
165	872	1
123	872	1
8	872	1
175	872	1
9	872	1
10	872	1
18	872	1
166	872	1
19	872	1
12	872	1
124	872	1
28	872	1
29	872	1
30	872	1
31	872	1
71	872	1
33	872	1
36	872	1
2	872	1
73	872	1
138	872	1
219	872	1
158	872	1
75	872	1
37	872	1
38	872	1
39	872	1
40	872	1
42	872	1
43	872	1
14	872	1
44	872	1
182	872	1
223	872	1
46	872	1
125	872	1
225	872	1
227	872	1
77	872	1
78	872	1
173	872	1
6	872	1
154	872	1
409	872	1
50	872	1
177	872	1
88	872	1
51	872	1
146	872	1
91	872	1
286	872	1
287	872	1
288	872	1
289	872	1
290	872	1
291	872	1
292	872	1
293	872	1
52	872	1
53	872	1
94	872	1
254	872	1
112	872	1
328	872	1
349	872	1
445	872	1
471	872	1
200	872	1
106	872	1
148	872	1
55	872	1
56	872	1
494	872	1
280	872	1
113	872	1
58	872	1
109	873	1
171	873	1
65	873	1
24	873	1
17	873	1
9	873	1
10	873	1
18	873	1
19	873	1
124	873	1
13	873	1
28	873	1
216	873	1
30	873	1
34	873	1
35	873	1
2	873	1
158	873	1
75	873	1
37	873	1
40	873	1
42	873	1
43	873	1
222	873	1
14	873	1
110	873	1
45	873	1
223	873	1
46	873	1
126	873	1
77	873	1
127	873	1
191	873	1
84	873	1
87	873	1
88	873	1
51	873	1
146	873	1
242	873	1
193	873	1
131	873	1
135	873	1
362	873	1
169	873	1
327	873	1
495	873	1
106	873	1
148	873	1
80	874	1
81	874	1
24	875	1
10	875	1
28	875	1
71	875	1
158	875	1
43	875	1
14	875	1
168	875	1
227	875	1
77	875	1
2	876	1
19	877	1
281	877	1
150	877	1
160	877	1
362	877	1
295	877	1
148	877	1
9	878	1
10	878	1
14	878	1
116	878	1
148	878	1